20
0
19 1 19 2 18 3 17 4 16 5 15 6 14 7 13 8 12 9 11 10
1
19 2 0 3 19 4 18 5 17 6 16 7 15 8 14 9 13 10 12 11
2
19 3 1 4 0 5 19 6 18 7 17 8 16 9 15 10 14 11 13 12
3
19 4 2 5 1 6 0 7 19 8 18 9 17 10 16 11 15 12 14 13
4
19 5 3 6 2 7 1 8 0 9 19 10 18 11 17 12 16 13 15 14
5
19 6 4 7 3 8 2 9 1 10 0 11 19 12 18 13 17 14 16 15
6
19 7 5 8 4 9 3 10 2 11 1 12 0 13 19 14 18 15 17 16
7
19 8 6 9 5 10 4 11 3 12 2 13 1 14 0 15 19 16 18 17
8
19 9 7 10 6 11 5 12 4 13 3 14 2 15 1 16 0 17 19 18
9
19 10 8 11 7 12 6 13 5 14 4 15 3 16 2 17 1 18 0 19
10
19 11 9 12 8 13 7 14 6 15 5 16 4 17 3 18 2 19 1 0
11
19 12 10 13 9 14 8 15 7 16 6 17 5 18 4 19 3 0 2 1
12
19 13 11 14 10 15 9 16 8 17 7 18 6 19 5 0 4 1 3 2
13
19 14 12 15 11 16 10 17 9 18 8 19 7 0 6 1 5 2 4 3
14
19 15 13 16 12 17 11 18 10 19 9 0 8 1 7 2 6 3 5 4
15
19 16 14 17 13 18 12 19 11 0 10 1 9 2 8 3 7 4 6 5
16
19 17 15 18 14 19 13 0 12 1 11 2 10 3 9 4 8 5 7 6
17
19 18 16 19 15 0 14 1 13 2 12 3 11 4 10 5 9 6 8 7
18
19 19 17 0 16 1 15 2 14 3 13 4 12 5 11 6 10 7 9 8
19
19 0 18 1 17 2 16 3 15 4 14 5 13 6 12 7 11 8 10 9
